648 4
500.0 42.09 266.0 38955.29 
500.0 60.414 143.0 87262.774 
500.0 48.904 286.0 75821.71 
500.0 57.306 277.0 28410.418 
500.0 41.576 283.0 12324.542 
500.0 54.412 181.0 97245.902 
500.0 45.4 308.0 52177.426 
500.0 55.29 257.0 61957.73 
500.0 62.216 203.0 51622.148 
500.0 56.462 58.0 65457.538 
500.0 26.152 245.0 15564.684 
500.0 69.044 268.0 19276.968 
500.0 41.172 167.0 26790.366 
500.0 45.378 287.0 21762.588 
500.0 42.774 282.0 40788.058 
500.0 29.428 254.0 75690.818 
500.0 43.518 242.0 19915.772 
18.0 47.0 14.0 993.1666666666666 
500.0 59.086 153.0 54694.672 
500.0 36.792 242.0 23223.856 
500.0 48.526 306.0 54069.238 
500.0 43.962 74.0 63936.176 
500.0 39.722 130.0 24760.934 
32.0 8.8125 23.0 4507.4375 
500.0 57.57 56.0 107899.702 
500.0 62.506 212.0 124000.684 
500.0 51.116 285.0 43767.566 
500.0 45.778 268.0 65949.014 
500.0 21.84 180.0 34467.746 
500.0 39.458 244.0 16360.17 
500.0 57.316 162.0 84889.148 
226.0 23.938053097345133 71.0 11424.185840707965 
500.0 55.906 129.0 137652.858 
500.0 37.172 302.0 51039.838 
22.0 43.18181818181818 14.0 1975.1818181818182 
500.0 42.116 189.0 35849.194 
500.0 50.434 280.0 88499.958 
500.0 48.944 120.0 38961.67 
3.0 35.0 3.0 118.66666666666667 
500.0 46.094 257.0 25776.96 
500.0 55.308 225.0 79771.648 
500.0 51.19 281.0 38480.936 
500.0 68.514 287.0 46822.476 
500.0 51.49 250.0 49684.516 
500.0 69.026 90.0 174498.088 
500.0 39.964 213.0 17341.444 
500.0 49.314 292.0 55637.574 
500.0 37.124 173.0 35000.638 
500.0 73.876 218.0 131418.598 
500.0 27.668 225.0 24121.424 
120.0 24.108333333333334 73.0 3415.475 
500.0 34.224 234.0 26074.974 
500.0 53.98 210.0 136310.752 
500.0 72.494 195.0 111938.986 
500.0 28.952 210.0 34847.288 
500.0 48.12 225.0 96605.196 
500.0 49.776 240.0 36987.502 
500.0 32.852 284.0 54563.986 
7.0 76.0 6.0 628.1428571428571 
500.0 62.5 133.0 53641.3 
500.0 39.286 107.0 102626.266 
500.0 32.192 209.0 59918.188 
500.0 52.966 137.0 63488.804 
3.0 136.0 3.0 1700.6666666666667 
500.0 50.698 146.0 91786.808 
500.0 55.02 81.0 74537.306 
500.0 69.336 157.0 99124.038 
500.0 47.822 126.0 96696.46 
14.0 37.0 8.0 2263.6428571428573 
500.0 39.244 144.0 46610.516 
500.0 23.198 204.0 25954.01 
20.0 11.6 14.0 3802.5 
500.0 48.206 237.0 27126.012 
285.0 25.12982456140351 130.0 14192.838596491229 
38.0 23.42105263157895 11.0 2251.4473684210525 
500.0 47.684 293.0 58817.212 
31.0 41.41935483870968 11.0 8150.096774193548 
148.0 40.682432432432435 56.0 20011.493243243243 
500.0 51.096 268.0 64268.3 
500.0 58.32 76.0 60076.5 
500.0 49.64 294.0 17447.15 
26.0 30.53846153846154 20.0 1315.8076923076924 
30.0 36.93333333333333 24.0 3477.266666666667 
500.0 48.726 268.0 43847.22 
500.0 67.51 129.0 132880.358 
20.0 45.9 18.0 1509.55 
500.0 42.264 264.0 37361.892 
91.0 28.307692307692307 51.0 5278.6373626373625 
500.0 45.248 157.0 97298.754 
116.0 37.310344827586206 70.0 1571.9655172413793 
500.0 40.022 147.0 29738.464 
500.0 56.696 274.0 10918.436 
500.0 53.35 238.0 47569.386 
500.0 53.166 259.0 90115.482 
500.0 28.09 240.0 24567.776 
500.0 41.16 257.0 103757.974 
500.0 32.76 290.0 13886.284 
500.0 51.21 174.0 89659.102 
500.0 60.842 254.0 48832.324 
500.0 27.232 189.0 48575.216 
500.0 56.706 299.0 76636.226 
500.0 46.872 254.0 24888.332 
500.0 56.356 290.0 60509.872 
500.0 39.538 246.0 65211.304 
500.0 29.602 45.0 19208.744 
500.0 58.166 132.0 89521.87 
500.0 59.424 263.0 94795.958 
500.0 57.066 289.0 21305.358 
500.0 54.37 249.0 103545.776 
84.0 26.035714285714285 24.0 11121.607142857143 
500.0 27.094 43.0 131164.592 
385.0 29.34805194805195 148.0 6560.176623376623 
500.0 32.428 289.0 18719.096 
500.0 51.868 28.0 91328.792 
7.0 35.57142857142857 4.0 634.4285714285714 
500.0 45.166 221.0 39753.23 
500.0 50.398 189.0 50029.012 
500.0 59.612 217.0 86942.206 
500.0 47.65 210.0 36894.254 
500.0 42.046 267.0 41285.318 
217.0 23.29032258064516 89.0 19518.94930875576 
500.0 52.206 219.0 49093.594 
500.0 38.54 255.0 36569.396 
500.0 41.028 248.0 34999.172 
500.0 64.532 327.0 23332.272 
500.0 37.812 260.0 46315.514 
500.0 60.97 187.0 94052.956 
500.0 46.5 267.0 27762.336 
500.0 53.52 246.0 61923.46 
500.0 59.022 207.0 66467.212 
500.0 64.338 318.0 80463.488 
500.0 41.684 306.0 24254.898 
500.0 28.888 248.0 40514.544 
500.0 42.09 265.0 40052.462 
500.0 67.002 191.0 73924.126 
500.0 31.622 269.0 19601.88 
500.0 34.518 307.0 39710.288 
500.0 51.308 274.0 133922.11 
500.0 29.768 154.0 56332.224 
500.0 54.382 208.0 45456.002 
500.0 34.09 280.0 30200.496 
500.0 42.704 299.0 12742.33 
500.0 24.388 46.0 63163.354 
500.0 68.208 179.0 99243.216 
19.0 38.526315789473685 17.0 1262.5263157894738 
500.0 50.814 235.0 109501.524 
500.0 44.502 214.0 31413.052 
500.0 47.982 129.0 68395.24 
500.0 44.462 196.0 59212.036 
500.0 61.696 161.0 48978.098 
500.0 66.848 162.0 90265.532 
82.0 25.5 56.0 546.5975609756098 
500.0 40.528 220.0 67921.14 
500.0 73.404 136.0 96950.776 
21.0 53.0 12.0 1143.6666666666667 
500.0 57.69 178.0 71782.866 
500.0 63.836 108.0 80525.972 
4.0 38.75 2.0 299.25 
500.0 23.95 197.0 16296.856 
500.0 46.334 83.0 76329.412 
500.0 46.0 328.0 22086.05 
500.0 34.998 223.0 15531.346 
500.0 45.292 229.0 42501.512 
161.0 21.403726708074533 47.0 8901.708074534161 
500.0 43.868 127.0 28645.218 
500.0 37.358 283.0 34888.13 
500.0 56.938 322.0 11497.47 
500.0 48.582 230.0 82697.288 
500.0 55.932 311.0 41151.698 
500.0 46.23 209.0 34835.744 
500.0 52.422 280.0 90969.574 
500.0 40.218 272.0 44836.796 
12.0 22.75 9.0 653.3333333333334 
151.0 33.51655629139073 49.0 5950.132450331126 
500.0 64.942 155.0 95934.714 
500.0 50.878 286.0 46731.178 
12.0 73.58333333333333 8.0 3713.0 
369.0 32.59620596205962 191.0 13984.929539295394 
500.0 60.344 194.0 95929.488 
500.0 52.716 110.0 116214.35 
500.0 48.658 276.0 75860.21 
14.0 15.571428571428571 11.0 1601.7857142857142 
500.0 53.144 90.0 57153.294 
500.0 55.692 292.0 7764.204 
500.0 25.054 172.0 28756.146 
414.0 29.731884057971016 26.0 21044.062801932367 
500.0 57.498 84.0 30874.998 
500.0 43.352 231.0 57277.004 
500.0 46.25 273.0 24821.996 
500.0 38.7 86.0 98763.096 
500.0 63.658 249.0 47548.328 
500.0 58.994 228.0 73722.83 
500.0 26.554 43.0 139921.168 
500.0 41.41 280.0 37235.194 
500.0 72.55 94.0 66413.104 
13.0 58.69230769230769 10.0 2441.923076923077 
500.0 61.988 156.0 46307.776 
500.0 33.544 285.0 11458.184 
15.0 50.0 10.0 862.0 
42.0 20.238095238095237 20.0 3938.3333333333335 
500.0 21.126 188.0 21592.478 
500.0 42.746 213.0 61256.114 
500.0 50.83 181.0 93824.872 
500.0 37.35 201.0 45666.756 
4.0 59.0 3.0 1017.0 
500.0 52.224 236.0 112191.066 
500.0 42.378 297.0 6050.998 
500.0 55.676 216.0 50105.784 
500.0 67.348 203.0 119565.21 
500.0 52.628 106.0 56000.79 
500.0 63.274 130.0 132407.72 
500.0 43.362 245.0 16897.16 
12.0 48.666666666666664 11.0 2605.6666666666665 
500.0 34.362 111.0 108452.684 
500.0 53.722 211.0 79272.248 
500.0 53.136 224.0 53077.052 
500.0 63.734 241.0 100548.092 
500.0 50.362 129.0 63527.568 
500.0 42.698 230.0 43379.148 
500.0 42.412 274.0 20553.472 
500.0 45.874 252.0 82558.616 
500.0 48.354 183.0 55007.304 
3.0 55.0 3.0 1391.6666666666667 
500.0 67.01 87.0 70729.138 
128.0 26.390625 72.0 3032.9609375 
500.0 65.198 266.0 27313.078 
500.0 54.99 123.0 126088.102 
500.0 29.238 262.0 12415.854 
500.0 64.23 146.0 117236.286 
278.0 30.035971223021583 104.0 17763.52877697842 
500.0 60.406 253.0 106690.784 
500.0 47.956 287.0 41762.0 
500.0 55.982 193.0 42209.284 
500.0 68.514 292.0 66031.198 
275.0 28.55272727272727 181.0 12115.050909090909 
425.0 27.254117647058823 263.0 19782.24 
500.0 44.382 301.0 24108.818 
500.0 62.79 191.0 95279.058 
500.0 46.068 230.0 40604.712 
500.0 43.712 229.0 25173.07 
500.0 44.978 81.0 66438.032 
500.0 32.204 264.0 17985.148 
500.0 56.974 158.0 76063.752 
500.0 59.56 269.0 18575.574 
500.0 38.344 306.0 70958.102 
500.0 37.664 251.0 30225.82 
500.0 52.194 182.0 89245.488 
500.0 61.248 152.0 67166.946 
500.0 37.95 316.0 27170.854 
500.0 40.092 245.0 37184.704 
500.0 29.154 273.0 35613.592 
500.0 27.102 217.0 33743.53 
18.0 51.333333333333336 13.0 4860.055555555556 
500.0 45.098 135.0 83063.05 
500.0 51.306 48.0 57616.812 
500.0 29.192 285.0 35265.734 
500.0 55.314 173.0 81684.522 
500.0 48.93 123.0 63484.958 
500.0 74.522 211.0 71461.49 
248.0 20.326612903225808 160.0 3760.1975806451615 
500.0 42.608 320.0 7166.59 
500.0 61.816 203.0 79070.406 
22.0 27.181818181818183 15.0 601.3636363636364 
500.0 67.012 148.0 133627.05 
120.0 22.758333333333333 48.0 4423.141666666666 
500.0 41.29 239.0 46003.636 
500.0 45.222 214.0 69376.754 
500.0 63.91 138.0 115099.31 
500.0 70.276 121.0 110719.356 
500.0 50.092 317.0 52814.214 
255.0 60.28235294117647 57.0 5856.462745098039 
500.0 72.134 108.0 56529.712 
500.0 50.89 217.0 25227.03 
282.0 25.404255319148938 151.0 5531.212765957447 
9.0 69.77777777777777 6.0 1322.4444444444443 
500.0 54.418 211.0 98711.292 
500.0 57.176 294.0 44086.482 
500.0 35.66 217.0 27562.044 
500.0 45.128 223.0 43312.21 
500.0 61.806 132.0 99827.454 
457.0 27.396061269146607 237.0 14657.851203501094 
500.0 60.132 251.0 91745.156 
500.0 90.244 87.0 77609.848 
500.0 40.228 244.0 22986.262 
500.0 54.492 275.0 18532.166 
500.0 54.132 59.0 57611.168 
500.0 35.122 252.0 36703.392 
9.0 59.22222222222222 7.0 1607.7777777777778 
500.0 48.97 272.0 32738.102 
500.0 39.336 259.0 35780.376 
500.0 42.006 126.0 30993.01 
49.0 56.10204081632653 28.0 6188.918367346939 
500.0 39.534 274.0 46119.192 
500.0 57.406 203.0 99357.756 
500.0 66.126 190.0 134633.112 
500.0 43.09 283.0 55447.502 
500.0 34.76 189.0 37507.064 
28.0 45.892857142857146 20.0 1629.9285714285713 
500.0 58.942 191.0 43929.216 
500.0 48.396 255.0 51223.85 
39.0 19.564102564102566 32.0 4941.4358974358975 
35.0 36.285714285714285 16.0 3746.0 
332.0 24.951807228915662 219.0 5671.325301204819 
500.0 37.888 213.0 22457.512 
500.0 39.89 192.0 18450.63 
500.0 53.13 105.0 68304.93 
55.0 14.581818181818182 26.0 11079.127272727274 
464.0 48.69827586206897 135.0 33221.3900862069 
500.0 34.064 141.0 27767.39 
500.0 52.988 193.0 59173.598 
13.0 79.6923076923077 9.0 3259.3076923076924 
15.0 16.666666666666668 11.0 4180.6 
500.0 62.048 102.0 130386.206 
91.0 20.032967032967033 48.0 6661.384615384615 
500.0 40.392 244.0 19909.862 
6.0 62.333333333333336 3.0 41.0 
5.0 68.0 4.0 1295.6 
144.0 46.15277777777778 53.0 26217.708333333332 
500.0 33.914 288.0 53039.512 
500.0 59.792 294.0 19848.378 
500.0 51.31 226.0 99964.888 
500.0 68.938 250.0 131506.01 
500.0 32.398 198.0 31343.412 
467.0 31.950749464668093 234.0 17349.54817987152 
8.0 26.5 5.0 3246.875 
500.0 61.606 153.0 19051.714 
500.0 22.328 215.0 41908.316 
8.0 20.375 2.0 1512.375 
500.0 47.498 270.0 39922.142 
500.0 39.208 251.0 46940.56 
500.0 57.062 89.0 79491.192 
500.0 63.812 152.0 107205.092 
500.0 41.578 219.0 53773.238 
500.0 60.752 53.0 72886.746 
500.0 33.704 284.0 11800.154 
500.0 71.342 125.0 149804.232 
500.0 46.24 246.0 57035.93 
500.0 53.326 110.0 86595.422 
500.0 67.44 76.0 71538.87 
500.0 53.364 134.0 72541.256 
145.0 40.889655172413796 85.0 6512.379310344828 
500.0 30.408 274.0 27559.462 
500.0 54.146 94.0 91585.486 
4.0 57.0 3.0 1507.25 
3.0 17.333333333333332 3.0 52.0 
500.0 46.74 270.0 27921.658 
500.0 60.514 345.0 18004.762 
500.0 50.666 239.0 60426.658 
500.0 51.006 191.0 14075.71 
500.0 63.906 199.0 64085.874 
500.0 38.062 216.0 37737.402 
500.0 66.552 255.0 62575.79 
500.0 55.704 128.0 73337.5 
500.0 32.886 230.0 37949.212 
500.0 34.782 51.0 86368.67 
500.0 45.622 91.0 84657.496 
46.0 34.84782608695652 26.0 14051.891304347826 
500.0 50.798 225.0 23857.682 
500.0 33.084 103.0 37955.728 
6.0 32.5 2.0 1087.1666666666667 
500.0 47.386 156.0 89160.982 
263.0 28.958174904942965 138.0 2615.209125475285 
500.0 66.35 147.0 97422.644 
500.0 54.564 239.0 74297.632 
45.0 31.711111111111112 18.0 13726.68888888889 
500.0 53.94 188.0 83643.876 
500.0 54.802 288.0 81121.496 
500.0 42.33 233.0 51179.624 
8.0 85.125 7.0 1546.0 
500.0 35.692 241.0 37466.166 
22.0 25.272727272727273 14.0 1213.090909090909 
500.0 52.546 152.0 130217.286 
500.0 54.576 238.0 92714.096 
500.0 31.82 257.0 43689.584 
500.0 43.122 145.0 42871.866 
500.0 33.178 301.0 4831.432 
500.0 42.684 237.0 30511.706 
500.0 55.654 286.0 16345.936 
10.0 47.3 6.0 4724.0 
86.0 32.25581395348837 15.0 9410.872093023256 
500.0 51.684 237.0 40367.344 
87.0 24.666666666666668 65.0 1423.5402298850574 
500.0 60.59 297.0 52110.356 
500.0 56.666 220.0 42564.862 
500.0 48.548 199.0 17285.922 
500.0 51.858 171.0 70494.334 
500.0 54.37 313.0 42294.272 
500.0 33.01 199.0 80473.386 
500.0 52.286 215.0 53063.98 
500.0 56.126 256.0 83088.526 
500.0 48.83 160.0 50491.164 
500.0 49.384 176.0 62978.924 
500.0 34.642 213.0 52809.814 
500.0 53.764 87.0 83613.956 
500.0 44.434 210.0 68640.98 
500.0 67.756 200.0 90784.076 
95.0 23.68421052631579 72.0 864.5263157894736 
115.0 24.026086956521738 76.0 2732.608695652174 
500.0 54.112 123.0 61940.412 
2.0 123.5 2.0 45.0 
500.0 23.41 196.0 17110.694 
500.0 25.64 48.0 72219.486 
500.0 68.776 309.0 57972.556 
500.0 44.238 270.0 31083.14 
500.0 44.972 231.0 59449.638 
500.0 37.02 203.0 74767.482 
500.0 36.782 221.0 28755.318 
500.0 43.224 198.0 37438.13 
500.0 58.758 86.0 127360.698 
500.0 44.366 136.0 21816.71 
500.0 64.002 262.0 58074.55 
500.0 55.354 234.0 124226.394 
500.0 54.936 192.0 80675.124 
500.0 48.48 218.0 32069.35 
500.0 21.848 245.0 12792.024 
500.0 63.032 265.0 116074.408 
4.0 49.75 1.0 2571.25 
500.0 56.194 217.0 122390.064 
481.0 50.60914760914761 169.0 12934.636174636174 
500.0 49.95 286.0 29213.21 
500.0 63.902 281.0 49697.72 
500.0 38.148 148.0 57801.88 
500.0 53.0 276.0 50133.23 
500.0 54.306 197.0 108185.818 
500.0 66.44 207.0 129888.942 
500.0 41.004 239.0 52881.0 
1.0 47.0 1.0 49.0 
500.0 63.58 224.0 77520.986 
500.0 33.63 82.0 31653.896 
500.0 32.628 248.0 13329.702 
500.0 35.996 294.0 14168.978 
500.0 37.906 202.0 31398.734 
500.0 50.13 79.0 62762.616 
81.0 41.39506172839506 38.0 5614.185185185185 
178.0 20.707865168539325 96.0 11676.859550561798 
500.0 46.084 302.0 61255.104 
500.0 48.452 96.0 55392.066 
23.0 46.08695652173913 21.0 992.9130434782609 
500.0 37.596 111.0 107018.38 
500.0 44.174 242.0 21872.998 
500.0 53.602 107.0 64974.474 
500.0 38.378 258.0 29400.694 
500.0 50.748 210.0 70578.166 
500.0 61.01 317.0 13109.722 
500.0 36.216 238.0 12848.854 
500.0 47.172 234.0 40505.482 
50.0 28.52 20.0 2976.8 
500.0 68.894 181.0 138004.17 
500.0 44.642 270.0 57684.296 
256.0 25.94921875 85.0 2729.9609375 
500.0 39.004 287.0 60241.584 
31.0 23.903225806451612 24.0 421.83870967741933 
500.0 36.198 162.0 48823.424 
7.0 66.57142857142857 4.0 891.8571428571429 
1.0 18.0 1.0 34.0 
500.0 55.642 250.0 117106.844 
500.0 63.076 223.0 137794.266 
500.0 52.24 158.0 98971.894 
500.0 56.17 303.0 107846.424 
500.0 51.7 100.0 14303.862 
500.0 48.702 274.0 51731.014 
500.0 42.956 161.0 24063.542 
500.0 47.926 169.0 50651.948 
500.0 70.066 177.0 115200.958 
500.0 30.476 118.0 13122.14 
11.0 60.81818181818182 9.0 877.6363636363636 
290.0 35.56896551724138 128.0 11026.841379310345 
500.0 54.04 88.0 65476.68 
500.0 58.954 266.0 79316.55 
72.0 14.625 45.0 2119.347222222222 
500.0 50.538 173.0 48417.048 
83.0 63.25301204819277 33.0 5956.168674698795 
43.0 34.83720930232558 30.0 2408.046511627907 
12.0 24.583333333333332 7.0 2483.0 
500.0 51.54 126.0 120002.302 
500.0 42.786 146.0 56526.754 
500.0 41.868 193.0 36119.568 
500.0 61.744 246.0 11259.334 
500.0 64.95 161.0 86539.732 
29.0 40.37931034482759 17.0 5752.9655172413795 
500.0 30.11 219.0 15219.698 
92.0 28.695652173913043 68.0 3081.9021739130435 
500.0 46.192 173.0 90449.342 
500.0 42.748 261.0 63757.922 
500.0 52.628 229.0 118389.516 
500.0 51.526 133.0 70566.248 
37.0 28.08108108108108 26.0 1092.2972972972973 
500.0 27.676 286.0 41553.598 
44.0 35.52272727272727 23.0 2481.909090909091 
500.0 51.048 191.0 107554.384 
500.0 46.056 234.0 18889.878 
500.0 65.474 135.0 94265.516 
500.0 29.576 195.0 21158.404 
500.0 54.798 98.0 52359.096 
500.0 48.764 281.0 52596.44 
500.0 57.606 174.0 207445.014 
500.0 52.886 310.0 52591.414 
500.0 42.688 181.0 39910.926 
500.0 30.022 265.0 23904.956 
500.0 45.904 265.0 40230.226 
500.0 55.936 240.0 101919.312 
184.0 29.331521739130434 109.0 5530.733695652174 
500.0 47.734 233.0 50873.692 
500.0 50.526 308.0 25309.534 
500.0 41.282 221.0 80196.662 
500.0 51.256 262.0 41379.348 
500.0 52.91 202.0 28742.846 
500.0 59.186 247.0 49820.626 
32.0 35.09375 20.0 1481.71875 
500.0 60.06 271.0 57776.738 
500.0 67.654 43.0 67326.326 
500.0 53.698 281.0 60325.302 
500.0 43.422 245.0 36585.248 
374.0 41.51069518716577 166.0 11189.133689839573 
500.0 45.932 227.0 63742.344 
500.0 58.088 190.0 70499.168 
87.0 21.310344827586206 38.0 4464.482758620689 
500.0 34.742 221.0 71958.892 
370.0 27.13243243243243 190.0 11772.221621621622 
500.0 36.644 213.0 29196.61 
500.0 52.382 263.0 127138.58 
500.0 39.25 251.0 54457.07 
12.0 45.583333333333336 9.0 615.25 
500.0 78.434 95.0 94067.01 
500.0 40.384 253.0 48571.24 
500.0 35.892 196.0 76923.428 
500.0 46.734 237.0 44410.106 
500.0 31.002 248.0 30288.306 
500.0 41.182 237.0 36262.166 
500.0 78.222 71.0 69232.516 
500.0 48.728 176.0 48603.578 
500.0 26.67 194.0 48127.832 
24.0 33.041666666666664 8.0 7051.333333333333 
7.0 44.714285714285715 6.0 522.4285714285714 
500.0 27.108 40.0 124040.522 
500.0 57.64 214.0 114479.474 
500.0 59.558 252.0 133167.68 
500.0 45.458 240.0 57904.496 
500.0 64.75 122.0 68834.668 
47.0 70.02127659574468 5.0 13285.63829787234 
500.0 53.754 284.0 12045.42 
500.0 48.88 269.0 54076.936 
83.0 22.602409638554217 51.0 1149.4096385542168 
500.0 65.282 119.0 105504.248 
500.0 43.648 148.0 59998.392 
18.0 20.61111111111111 11.0 2387.1666666666665 
500.0 41.608 197.0 62069.816 
500.0 48.702 170.0 22596.202 
500.0 72.614 67.0 64678.788 
500.0 66.082 90.0 61145.422 
500.0 29.426 272.0 19791.612 
344.0 26.776162790697676 178.0 8780.078488372093 
16.0 39.9375 11.0 1978.625 
500.0 30.414 188.0 25942.112 
500.0 49.848 122.0 110146.672 
500.0 41.314 260.0 25541.846 
500.0 51.812 249.0 53754.226 
500.0 54.024 122.0 78058.52 
500.0 58.688 200.0 76460.284 
500.0 54.552 254.0 111032.136 
6.0 80.0 6.0 35.333333333333336 
500.0 57.21 100.0 66534.086 
500.0 55.474 224.0 68991.788 
500.0 32.748 284.0 44017.696 
500.0 77.42 106.0 94071.218 
500.0 43.544 177.0 28804.92 
500.0 31.486 218.0 41741.194 
500.0 22.902 238.0 13955.73 
39.0 31.923076923076923 26.0 5383.461538461538 
500.0 38.328 239.0 43460.954 
4.0 6.75 3.0 2166.75 
500.0 44.966 199.0 47931.198 
500.0 48.872 243.0 65073.524 
500.0 45.162 301.0 29691.194 
4.0 50.0 3.0 507.25 
38.0 40.13157894736842 28.0 777.1315789473684 
500.0 51.888 293.0 54485.338 
500.0 65.406 107.0 94206.366 
500.0 45.388 180.0 66376.352 
500.0 60.11 241.0 53257.158 
500.0 40.014 143.0 60600.636 
500.0 49.448 98.0 81293.758 
492.0 20.538617886178862 242.0 24816.272357723577 
20.0 34.25 14.0 4955.75 
500.0 59.222 244.0 57229.436 
69.0 46.82608695652174 43.0 4602.086956521739 
500.0 41.91 194.0 85506.834 
500.0 63.788 180.0 148781.212 
175.0 17.457142857142856 105.0 6913.891428571428 
500.0 32.002 215.0 76644.474 
91.0 30.912087912087912 35.0 6169.373626373626 
291.0 29.130584192439862 172.0 16166.635738831616 
19.0 6.631578947368421 7.0 2068.684210526316 
500.0 42.884 263.0 44724.262 
120.0 15.4 67.0 2647.5666666666666 
500.0 47.776 302.0 34495.806 
493.0 55.47261663286004 168.0 15836.874239350913 
11.0 46.63636363636363 10.0 415.27272727272725 
23.0 26.217391304347824 17.0 732.2608695652174 
2.0 41.0 2.0 46.0 
500.0 47.506 246.0 26704.836 
1.0 152.0 1.0 31.0 
500.0 35.054 200.0 33736.46 
500.0 40.6 315.0 22118.87 
500.0 39.384 130.0 48452.79 
6.0 50.0 5.0 893.0 
500.0 36.484 317.0 11698.686 
500.0 47.26 228.0 62143.842 
500.0 47.386 224.0 21651.494 
88.0 27.227272727272727 53.0 11712.204545454546 
500.0 61.376 74.0 76079.18 
500.0 47.496 264.0 38125.996 
500.0 49.218 240.0 93293.05 
500.0 37.696 251.0 29348.47 
10.0 45.0 2.0 2959.1 
500.0 31.836 276.0 35362.348 
500.0 69.344 227.0 96219.574 
500.0 38.868 232.0 36418.824 
500.0 42.294 274.0 79719.926 
500.0 53.314 216.0 100958.906 
500.0 53.232 158.0 69858.594 
500.0 52.218 151.0 73693.398 
34.0 27.058823529411764 24.0 2090.0 
500.0 43.07 219.0 50504.002 
500.0 54.574 226.0 26723.924 
500.0 47.502 107.0 69867.498 
311.0 33.453376205787784 128.0 12338.829581993568 
500.0 63.976 267.0 28449.26 
351.0 31.51851851851852 203.0 11410.621082621083 
12.0 33.166666666666664 11.0 5911.833333333333 
500.0 54.174 46.0 49081.956 
12.0 16.0 9.0 1812.0833333333333 
500.0 50.974 240.0 32640.996 
500.0 56.498 265.0 136850.992 
500.0 56.122 193.0 111128.654 
500.0 42.644 279.0 39107.794 
500.0 53.53 303.0 54558.592 
500.0 49.754 280.0 23256.604 
10.0 32.7 8.0 24.0 
500.0 29.206 293.0 44396.758 
500.0 28.58 201.0 22338.054 
500.0 34.108 239.0 27971.322 
368.0 19.33423913043478 167.0 12567.035326086956 
500.0 59.508 245.0 56490.662 
500.0 50.988 235.0 83337.454 
500.0 28.852 191.0 28154.8 
81.0 41.32098765432099 49.0 34410.96296296296 
500.0 64.804 274.0 47770.182 
