149 4
11500.0 4363.0 46.67782608695652 71771.05408695652 
2511.0 944.0 19.488649940262842 71123.4583831143 
3604.0 1783.0 46.4211986681465 18323.190344062154 
9947.0 3505.0 55.46808082839047 38118.59545591636 
4083.0 1967.0 44.443791329904485 36098.39064413421 
12928.0 4238.0 41.94012995049505 99232.25340346535 
500.0 212.0 36.776 73213.228 
7821.0 3272.0 48.02071346375144 56089.250735200105 
3311.0 1769.0 49.75838115372999 14382.523104802174 
8237.0 3255.0 53.757435959694064 65273.835498361055 
802.0 288.0 38.9214463840399 21166.913965087282 
2207.0 1122.0 47.501132759401905 27557.79836882646 
3756.0 1546.0 50.341586794462195 68890.3727369542 
3270.0 1810.0 54.181957186544345 10254.635474006116 
6293.0 2240.0 27.302717304942 42593.45161290323 
2941.0 781.0 48.576674600476025 16914.848690921455 
1885.0 963.0 59.05941644562334 49996.39416445624 
1369.0 579.0 24.4572680788897 18324.021183345507 
2506.0 1349.0 35.35953711093376 14573.003192338389 
9431.0 2637.0 52.6742657194359 85422.59060545011 
3630.0 1610.0 44.759504132231406 25423.178236914602 
5059.0 1920.0 36.59023522435264 44836.93378137972 
7720.0 3271.0 46.49002590673575 64861.04727979274 
5903.0 2407.0 47.63764187701169 62694.47467389463 
3560.0 1454.0 32.44775280898877 45069.36966292135 
4003.0 1522.0 51.43942043467399 69378.34049462902 
4910.0 2551.0 49.61201629327902 37625.86945010183 
9309.0 2578.0 49.794929637984744 76624.95101514664 
3657.0 1317.0 44.07000273448182 57795.057971014496 
2628.0 1375.0 56.045662100456624 10119.934550989345 
5669.0 2662.0 39.267419297936144 29697.43252778268 
1887.0 1043.0 45.090620031796504 18755.748277689454 
12137.0 3963.0 49.874433550300736 94427.43149048365 
4105.0 2106.0 48.16224116930572 28534.58270401949 
4177.0 2116.0 46.05865453674886 39648.23437874072 
4873.0 2120.0 52.52944797865791 52162.63923660989 
6893.0 2614.0 34.84984767155085 44803.804149136806 
2944.0 1442.0 49.781929347826086 44567.65591032609 
2753.0 1113.0 33.05158009444243 52248.85397747911 
5657.0 1104.0 55.051794237228215 63239.625419833836 
4913.0 2537.0 57.50478322817016 32618.84286586607 
4026.0 1584.0 34.37630402384501 49185.95355191257 
3636.0 1614.0 38.78300330033003 25134.304730473046 
3914.0 1618.0 36.9274399591211 52183.17910066428 
3048.0 692.0 43.106627296587924 28102.02559055118 
5100.0 2303.0 32.082549019607846 33072.63980392157 
464.0 135.0 48.78448275862069 33221.3900862069 
16073.0 2811.0 54.0157406831332 71677.03098363716 
3703.0 2161.0 40.90116122063192 27171.456116662164 
1000.0 546.0 55.038 59954.249 
4302.0 1571.0 54.287075778707575 70793.74732682473 
8023.0 3476.0 46.62944035896797 49838.22921600399 
1050.0 635.0 50.2047619047619 9310.988571428572 
4289.0 1154.0 57.00349731872231 85458.65563068315 
2488.0 1522.0 48.37138263665595 17390.306672025723 
3371.0 810.0 53.191337881934146 59090.155740136455 
1380.0 570.0 46.344202898550726 13277.909420289856 
10787.0 4122.0 42.3671085565959 30496.42764438676 
3093.0 831.0 45.54736501778209 35303.49725185904 
5210.0 2445.0 36.35892514395393 41396.71900191939 
1739.0 802.0 43.55549166187464 121833.48016101208 
5783.0 3097.0 50.49593636520837 55892.59242607643 
4168.0 2037.0 47.770873320537426 42127.373080614205 
2547.0 1352.0 34.77031802120141 37548.838241067926 
10555.0 3826.0 41.72505921364282 57050.40312648034 
6368.0 2252.0 38.17336683417086 32311.164101758794 
7152.0 3244.0 33.07452460850112 59504.9495246085 
1547.0 733.0 59.33290239172592 39083.48028442146 
17.0 13.0 13.823529411764707 6741.705882352941 
1824.0 710.0 54.95065789473684 58636.45559210526 
1907.0 957.0 34.77399056109072 35786.98217094914 
5067.0 2090.0 46.04795737122558 73300.411288731 
3118.0 1458.0 42.610647851186656 22359.862411802438 
6775.0 3273.0 48.220516605166054 46672.532841328415 
621.0 274.0 35.349436392914654 14543.61191626409 
8259.0 3581.0 37.449206925777936 31000.722363482262 
3097.0 1334.0 33.64514045850824 29917.647400710364 
500.0 208.0 38.19 80658.394 
14287.0 4607.0 53.72751452369287 76178.0741233289 
500.0 241.0 48.57 99288.508 
5509.0 2800.0 53.271374115084406 22877.636231620985 
2313.0 1081.0 45.952875054042366 28251.562472978814 
5812.0 2843.0 46.97092222986924 50731.48468685478 
500.0 222.0 45.59 107983.3 
2572.0 1320.0 48.84797822706065 30647.410575427682 
2922.0 1380.0 43.16084873374401 67802.0331964408 
5012.0 1034.0 52.6207102952913 75688.16699920192 
6328.0 3152.0 44.71713021491782 34514.18315423514 
2099.0 1042.0 49.457837065269175 42225.543592186754 
5256.0 1884.0 49.359969558599694 52278.254566210046 
9343.0 3089.0 38.089799850155195 40370.49416675586 
3027.0 1097.0 26.33961017509085 47316.83746283449 
1091.0 571.0 55.53345554537122 9274.019248395967 
4686.0 1495.0 28.83290653008963 59160.890098164746 
2748.0 1125.0 34.101528384279476 32194.335516739447 
23864.0 6282.0 50.4305229634596 79991.0390965471 
6482.0 2446.0 38.036562789262575 55518.8182659673 
3170.0 1567.0 58.548580441640375 22671.210410094638 
8189.0 3263.0 44.30602027109537 100115.36194895592 
8537.0 3709.0 42.70598570926555 24895.035726836126 
3232.0 1972.0 33.021039603960396 56463.25092821782 
32.0 28.0 43.5625 912.15625 
3082.0 1521.0 46.16093445814406 32668.345879299155 
7045.0 3102.0 44.749325762952445 47475.96082327892 
455.0 287.0 43.70549450549451 4045.2571428571428 
5268.0 1311.0 25.183561123766136 52461.2625284738 
118.0 65.0 35.228813559322035 2394.4661016949153 
3179.0 770.0 62.80025165146272 53899.989304812836 
4192.0 2044.0 42.16149809160305 20198.492366412214 
5479.0 2438.0 49.109691549552835 42445.82423799964 
386.0 149.0 29.28497409326425 6563.922279792746 
2785.0 1225.0 39.94326750448833 69355.14614003591 
6376.0 2606.0 40.97914052697616 57827.430677540775 
263.0 138.0 29.163498098859314 2615.209125475285 
500.0 212.0 39.486 81369.738 
500.0 245.0 50.45 110010.254 
1522.0 891.0 38.19250985545335 19073.165571616293 
500.0 223.0 50.33 97415.812 
4639.0 1389.0 56.71200689803837 80127.91743910326 
1873.0 628.0 34.95568606513614 18419.307528029898 
2821.0 1160.0 47.831265508684865 64731.7841191067 
1852.0 1101.0 41.61987041036717 22696.27159827214 
8731.0 2836.0 49.78089565914557 100497.48425151758 
6978.0 3210.0 41.83763255947263 54611.85970192032 
3332.0 1447.0 52.240996398559425 16391.859543817525 
4580.0 2062.0 43.88864628820961 62484.66288209607 
984.0 485.0 57.735772357723576 18260.189024390245 
4477.0 2067.0 50.396694214876035 45144.71722135358 
3037.0 1381.0 38.64076391175502 118122.65031280869 
2983.0 1164.0 36.270533020449214 45291.62722091854 
2517.0 1166.0 45.24791418355185 18565.014302741358 
2655.0 1128.0 37.122033898305084 52470.55367231638 
8031.0 3319.0 41.42049557962894 28956.427219524343 
7360.0 2614.0 43.90584239130435 78397.86657608696 
3372.0 1301.0 37.30782918149466 34276.95996441281 
5642.0 2834.0 48.09092520382843 66891.89507266927 
2633.0 1451.0 38.36688188378276 16873.11621724269 
2612.0 1157.0 26.392419601837673 9739.521056661562 
6890.0 2801.0 37.06255442670537 37132.87953555878 
4472.0 1676.0 39.84861359570662 35712.90697674418 
4667.0 2122.0 59.327405185343906 48794.81744161131 
3970.0 1679.0 48.86801007556675 75284.94584382871 
7390.0 2589.0 28.05426251691475 35741.069688768606 
2800.0 1582.0 31.42 40067.10357142857 
832.0 542.0 37.41225961538461 16313.92548076923 
3608.0 1673.0 34.17017738359202 49031.590631929044 
2746.0 1068.0 37.78222869628551 30488.648943918426 
2920.0 1345.0 41.36164383561644 41070.4404109589 
813.0 103.0 54.838868388683885 8150.10209102091 
